Multiple size <= 100
TEST 1 ARG:47 60 43 0 5 79 10 57 50 72 70 41 34 94 18 19 49 67 85 55 84 46 68 92 40 8 74 65 82 42 56 96 73 24 31 95 7 90 27 9 64 76 13 20 80 1 91 66 4 97 59 21 17 75 62 88 2 77 32 25 11 89 52 30 22 71 81 33 35 58 15 12 45 26 99 38 23 69 39 28 87 54 14 36 37 83 29 16 3 63 6 86 44 51 93 53 48 61 98 78 
TEST 2 ARG:23 54 62 28 75 59 42 1 35 51 14 56 61 18 85 67 36 21 31 38 77 96 6 87 50 80 8 98 11 84 19 92 20 24 52 40 72 7 65 2 71 89 3 5 83 79 63 90 64 86 53 34 58 44 68 30 94 4 97 49 45 76 88 93 29 9 57 73 39 82 46 16 66 55 48 33 27 74 60 95 70 43 26 32 25 10 81 99 47 69 41 37 78 22 91 12 15 13 17 0 
TEST 2 ARG:23 54 62 28 75 59 42 1 35 51 14 56 61 18 85 67 36 21 31 38 77 96 6 87 50 80 8 98 11 84 19 92 20 24 52 40 72 7 65 2 71 89 3 5 83 79 63 90 64 86 53 34 58 44 68 30 94 4 97 49 45 76 88 93 29 9 57 73 39 82 46 16 66 55 48 33 27 74 60 95 70 43 26 32 25 10 81 99 47 69 41 37 78 22 91 12 15 13 17 0 
TEST 3 ARG:49 74 52 61 72 85 23 73 46 91 82 44 84 66 62 47 31 27 28 19 41 20 71 40 53 30 99 67 81 8 96 33 18 7 4 79 26 34 98 24 88 39 93 90 6 13 63 65 54 77 10 11 38 56 83 64 60 95 2 17 69 48 21 51 45 78 35 42 36 57 94 3 75 80 37 50 14 70 89 58 32 1 12 0 9 25 86 15 22 59 16 29 97 5 87 68 92 76 43 55 
TEST 4 ARG:66 94 69 55 97 65 57 8 1 64 72 51 71 61 53 95 21 30 85 96 39 58 93 74 16 84 59 4 77 70 63 90 60 40 42 3 45 44 35 37 2 83 43 68 86 15 56 9 38 78 88 24 89 10 46 6 73 13 82 12 5 0 76 91 87 81 14 75 22 98 20 18 34 92 99 31 62 79 26 23 32 52 49 80 33 67 47 27 36 7 17 28 29 19 25 11 48 50 41 54 
TEST 5 ARG:2 14 74 92 16 3 80 69 89 7 57 97 38 51 67 65 64 26 45 60 29 37 24 17 10 23 91 59 33 19 70 75 6 8 1 53 44 25 54 27 40 99 85 96 36 86 66 20 32 77 81 12 9 73 43 39 46 84 58 62 48 28 82 18 63 56 72 61 34 0 55 98 79 13 47 42 49 4 68 41 78 21 93 52 95 22 5 88 76 35 15 83 87 94 30 50 71 11 31 90 
TEST 6 ARG:88 58 98 28 79 53 82 77 96 10 12 63 29 75 61 32 22 62 99 69 42 55 34 59 51 7 16 38 44 6 67 95 5 60 25 33 13 31 15 1 94 35 78 83 90 3 97 52 30 9 40 19 24 72 66 26 56 37 8 70 81 20 84 87 48 21 2 4 49 45 43 46 11 71 68 54 0 91 27 18 14 89 23 17 85 65 93 41 57 36 64 74 50 39 73 76 47 80 92 86 
TEST 7 ARG:83 78 16 69 96 56 1 54 32 75 30 13 46 9 77 23 8 89 88 27 90 71 80 4 6 39 31 7 28 84 18 76 22 49 37 41 91 2 61 99 87 12 44 15 66 11 97 86 67 63 10 0 70 73 5 74 20 52 57 50 82 55 62 17 58 3 51 65 43 59 64 81 21 79 93 95 26 92 38 98 35 47 34 85 53 40 48 25 94 24 72 14 45 60 68 29 33 19 42 36 
TEST 8 ARG:13 20 76 72 21 94 35 77 0 50 1 18 70 85 11 68 17 32 47 39 34 53 69 51 5 73 52 83 87 97 46 59 63 10 9 16 57 4 67 65 22 38 24 27 66 37 49 64 36 31 58 74 12 41 92 86 30 88 28 8 14 62 79 25 48 71 55 19 95 82 90 40 6 60 75 15 84 80 61 45 89 3 43 81 91 26 29 42 2 78 99 33 98 23 44 96 54 93 56 7 
TEST 9 ARG:77 69 49 51 13 52 99 96 1 3 63 68 61 97 66 64 79 22 7 83 10 87 46 78 82 62 67 31 14 40 11 88 24 93 54 60 55 57 70 32 37 92 95 75 6 4 16 47 15 9 50 42 41 44 91 19 34 73 84 98 80 53 20 59 29 2 90 33 94 36 58 0 65 71 81 43 74 35 18 30 26 89 27 8 25 76 38 39 48 21 45 5 12 17 72 85 56 23 28 86 
TEST 9 ARG:77 69 49 51 13 52 99 96 1 3 63 68 61 97 66 64 79 22 7 83 10 87 46 78 82 62 67 31 14 40 11 88 24 93 54 60 55 57 70 32 37 92 95 75 6 4 16 47 15 9 50 42 41 44 91 19 34 73 84 98 80 53 20 59 29 2 90 33 94 36 58 0 65 71 81 43 74 35 18 30 26 89 27 8 25 76 38 39 48 21 45 5 12 17 72 85 56 23 28 86 
TEST 10 ARG:93 29 27 41 59 31 90 67 8 3 37 70 55 32 50 25 71 73 11 4 57 44 66 22 39 17 72 77 19 6 99 80 47 63 20 87 65 86 24 96 40 61 56 46 89 2 43 28 54 16 75 91 92 1 78 64 26 13 30 33 88 58 82 34 84 42 15 76 95 69 48 36 49 5 98 79 68 83 97 74 35 45 7 85 51 0 10 9 14 18 94 62 52 23 21 81 60 38 53 12 
TEST 11 ARG:48 8 81 10 66 49 3 37 94 85 93 22 31 11 9 82 51 56 84 96 57 7 97 20 35 91 62 63 98 6 38 95 46 65 36 18 52 42 83 72 87 15 78 68 61 13 14 41 0 12 50 74 80 58 29 73 33 1 39 75 23 30 59 43 64 5 19 25 16 55 54 2 34 40 69 99 24 27 17 77 86 71 4 53 88 44 21 70 90 28 60 67 32 76 45 47 26 89 92 79 
TEST 12 ARG:49 50 23 61 95 60 94 86 12 32 79 71 83 4 67 16 74 26 41 33 73 96 78 43 17 30 40 52 66 51 99 72 19 62 80 15 65 77 44 46 63 55 18 11 9 27 57 93 70 21 6 54 92 29 48 47 97 3 36 37 56 68 53 13 14 87 84 88 98 91 75 90 25 64 35 2 85 42 0 82 58 24 69 8 45 81 34 22 28 5 89 7 1 31 76 20 38 59 10 39 
TEST 12 ARG:49 50 23 61 95 60 94 86 12 32 79 71 83 4 67 16 74 26 41 33 73 96 78 43 17 30 40 52 66 51 99 72 19 62 80 15 65 77 44 46 63 55 18 11 9 27 57 93 70 21 6 54 92 29 48 47 97 3 36 37 56 68 53 13 14 87 84 88 98 91 75 90 25 64 35 2 85 42 0 82 58 24 69 8 45 81 34 22 28 5 89 7 1 31 76 20 38 59 10 39 
TEST 13 ARG:80 32 55 45 54 65 94 52 49 70 21 42 8 93 84 47 51 29 50 24 71 22 17 7 25 35 95 73 46 98 99 3 86 90 23 82 69 28 81 20 97 59 57 30 61 36 26 63 66 62 64 89 41 6 14 37 12 72 19 53 76 10 11 83 91 75 96 38 16 40 67 68 56 39 74 85 13 27 0 77 60 4 43 44 48 5 88 2 58 33 34 87 1 92 15 18 31 78 9 79 
TEST 14 ARG:59 51 27 76 55 30 97 49 14 7 88 6 1 20 71 22 94 98 93 75 8 47 72 69 26 70 85 68 2 34 45 58 46 44 40 52 64 89 32 81 67 0 87 99 12 24 90 73 38 50 84 41 53 37 92 29 35 57 43 42 18 65 77 23 78 80 95 48 19 13 17 5 82 62 56 54 28 66 74 86 63 60 91 10 11 21 39 15 33 61 25 96 36 4 79 31 3 16 9 83 
TEST 15 ARG:15 78 91 54 38 72 60 56 12 61 69 71 27 52 42 13 37 93 44 53 85 97 96 35 80 87 63 21 7 45 28 16 41 3 32 9 84 46 19 31 77 88 0 40 18 62 24 65 25 73 17 10 14 47 55 50 82 74 68 34 2 23 75 81 76 20 26 8 89 29 64 49 70 36 48 79 90 33 58 43 51 99 6 11 92 30 95 22 1 4 57 59 39 98 83 5 94 67 86 66 
TEST 15 ARG:15 78 91 54 38 72 60 56 12 61 69 71 27 52 42 13 37 93 44 53 85 97 96 35 80 87 63 21 7 45 28 16 41 3 32 9 84 46 19 31 77 88 0 40 18 62 24 65 25 73 17 10 14 47 55 50 82 74 68 34 2 23 75 81 76 20 26 8 89 29 64 49 70 36 48 79 90 33 58 43 51 99 6 11 92 30 95 22 1 4 57 59 39 98 83 5 94 67 86 66 
TEST 16 ARG:25 3 50 85 45 31 63 62 52 33 54 77 14 23 73 60 57 20 6 94 72 7 30 75 92 51 90 4 2 18 28 15 58 32 82 79 93 81 67 59 76 35 26 48 42 9 55 44 87 11 29 5 43 71 39 98 65 41 24 53 89 12 78 64 21 17 47 80 40 96 16 91 68 36 8 74 27 37 0 97 88 66 56 1 84 70 46 95 49 34 38 61 69 86 10 99 13 22 83 19 
